14_png.rf.9dc8f9b7dad6575180e1f105e5e963b9 0 0.3759586334228516 0.19826295375823974 0.4812445640563965 0.3965259075164795
28_png.rf.9b9148b0f299387be2b640427ab861e1 0 0.7686298847198486 0.6718856811523437 0.4235896110534668 0.1542051315307617
28_png.rf.9b9148b0f299387be2b640427ab861e1 0 0.5528319358825684 0.83895263671875 0.8939981460571289 0.21701626777648925
43_png.rf.bbe9cf984b770cd964438d3098de2177 0 0.7522077560424805 0.6025389194488525 0.4939882278442383 0.36891889572143555
43_png.rf.bbe9cf984b770cd964438d3098de2177 0 0.6657356739044189 0.18737521171569824 0.16819515228271484 0.10830745697021485
45_png.rf.91069c57e68c478d18bec9024d1a2eff 0 0.7035872936248779 0.3686197280883789 0.5892937660217286 0.2435760498046875
56_png.rf.1ea3746c8059264a352bebe26f32db00 0 0.7455101490020752 0.34540984630584715 0.5089535713195801 0.2532543659210205
69_png.rf.15f02ccb5ef4eeb6df1eeb7f68869431 0 0.5115216732025146 0.7207637786865234 0.9759764671325684 0.5544340133666992
86_png.rf.99f09b9cdbc66d51a19527489c7d06ca 0 0.8033169746398926 0.8465550422668457 0.39320907592773435 0.30636234283447267
86_png.rf.99f09b9cdbc66d51a19527489c7d06ca 0 0.6206638813018799 0.34299254417419434 0.6194619178771973 0.13003168106079102
86_png.rf.99f09b9cdbc66d51a19527489c7d06ca 0 0.28252458572387695 0.8856035232543945 0.3110793113708496 0.22348594665527344
DSC_0913_JPG.rf.baa70a22817b7b3ffba3fae89e56eea7 0 0.8182958602905274 0.6338778972625733 0.3634082794189453 0.5880501747131348
DSC_0913_JPG.rf.baa70a22817b7b3ffba3fae89e56eea7 0 0.5888107299804688 0.7561714172363281 0.8096752166748047 0.48660736083984374
DSC_0917_JPG.rf.7c183214ef5f210576e9a816eaa1463d 0 0.19494130611419677 0.6804678916931153 0.3894372463226318 0.6390642166137696
DSC_0918_JPG.rf.549eeb77dc9e21fa7750b6230fa35506 0 0.5601643562316895 0.7770078659057618 0.7966054916381836 0.36681480407714845
DSC_0925_JPG.rf.0d0f74d7899ead7b14af754eb295d42b 0 0.47137084007263186 0.4886521816253662 0.6947932243347168 0.45140857696533204
DSC_0928_JPG.rf.fbc1b50a40dc7eaea38010fe1e35a7db 0 0.5235451698303223 0.8088800430297851 0.8085752487182617 0.3159481525421143
DSC_0947_JPG.rf.2d10590e963bb6bd765f0c1bf4d3ddfb 0 0.7398694038391114 0.38616137504577636 0.3442085266113281 0.48012409210205076
DSC_0947_JPG.rf.2d10590e963bb6bd765f0c1bf4d3ddfb 0 0.5302123069763184 0.6262215137481689 0.8102155685424804 0.7052689552307129
IMG_0545_png.rf.f888ac69fd7846bb226ce741b021f12a 0 0.18275729417800904 0.9179790496826172 0.36485364437103274 0.16336822509765625
IMG_0545_png.rf.f888ac69fd7846bb226ce741b021f12a 0 0.8336078643798828 0.7407764911651611 0.332444429397583 0.4152514457702637
IMG_0545_png.rf.f888ac69fd7846bb226ce741b021f12a 0 0.2228991746902466 0.612758731842041 0.44565186500549314 0.23099040985107422
IMG_0558_png.rf.77171fd124aa83a415504effdb6491e9 0 0.6555615425109863 0.6716364860534668 0.6880290985107422 0.5787267684936523
IMG_0558_png.rf.77171fd124aa83a415504effdb6491e9 0 0.1480102062225342 0.49828004837036133 0.2947530746459961 0.16091651916503907
IMG_0562_png.rf.256c6cf525916d23b0be91528f351bca 0 0.5366037368774415 0.6641133785247803 0.9267925262451172 0.551047420501709
IMG_0565_png.rf.8dab4ea272235567973b0649e3a07b68 0 0.367459774017334 0.7607607841491699 0.7184986114501953 0.47547283172607424
IMG_0565_png.rf.8dab4ea272235567973b0649e3a07b68 0 0.9401893615722656 0.7168156623840332 0.11962127685546875 0.5650167465209961
IMG_0565_png.rf.8dab4ea272235567973b0649e3a07b68 0 0.22712531089782714 0.6980839729309082 0.4542506217956543 0.6035879135131836
IMG_0579_png.rf.4f092a2b71af48c80ee813c141a1cddd 0 0.6865262031555176 0.5405004978179931 0.6269475936889648 0.4441258430480957
IMG_0579_png.rf.4f092a2b71af48c80ee813c141a1cddd 0 0.5136985778808594 0.5356200218200684 0.9715322494506836 0.4757883071899414
IMG_0579_png.rf.4f092a2b71af48c80ee813c141a1cddd 0 0.8230691909790039 0.3228950023651123 0.2991172790527344 0.12210474014282227
IMG_0584_png.rf.8a89a79c109e5b2feccde2c432fad62c 0 0.4971936225891113 0.6908063411712646 0.9943872451782226 0.617553997039795
IMG_0600_png.rf.1870f5b49975061af8aab68ac741797f 0 0.5 0.6036253929138183 1.0 0.7927492141723633
IMG_0635_png.rf.ac044e3cef24f8e6944ec7f1c49d4e70 0 0.3710526943206787 0.8146785736083985 0.4283913612365723 0.37064285278320314
IMG_0635_png.rf.ac044e3cef24f8e6944ec7f1c49d4e70 0 0.7022275924682617 0.6849641799926758 0.5812534332275391 0.38454113006591795
IMG_0635_png.rf.ac044e3cef24f8e6944ec7f1c49d4e70 0 0.7909046649932862 0.15272145271301268 0.41712465286254885 0.3047610282897949
IMG_0635_png.rf.ac044e3cef24f8e6944ec7f1c49d4e70 0 0.6689790725708008 0.15257166624069213 0.6603704452514648 0.30484464168548586
IMG_0653_png.rf.63f1211be4c58f02e1e0c73670d6d947 0 0.6654396057128906 0.8527935981750489 0.6578205108642579 0.2942981719970703
14_png.rf.9dc8f9b7dad6575180e1f105e5e963b9 0 0.3692986011505127 0.23357315063476564 0.4116680145263672 0.41559638977050783
14_png.rf.9dc8f9b7dad6575180e1f105e5e963b9 0 0.551132345199585 0.6421163558959961 0.8934544563293457 0.7157672882080078
14_png.rf.9dc8f9b7dad6575180e1f105e5e963b9 0 0.34241361618041993 0.07526159286499023 0.44828405380249026 0.15052318572998047
14_png.rf.9dc8f9b7dad6575180e1f105e5e963b9 0 0.837339210510254 0.6212217330932617 0.3249362468719482 0.238482666015625
28_png.rf.9b9148b0f299387be2b640427ab861e1 0 0.5 0.7978983879089355 1.0 0.2340412139892578
28_png.rf.9b9148b0f299387be2b640427ab861e1 0 0.6233926296234131 0.3363317012786865 0.554773998260498 0.514858341217041
43_png.rf.bbe9cf984b770cd964438d3098de2177 0 0.7469530582427979 0.607728385925293 0.5040839195251465 0.5694877624511718
43_png.rf.bbe9cf984b770cd964438d3098de2177 0 0.24513669013977052 0.5080350399017334 0.48571138381958007 0.27558116912841796
45_png.rf.91069c57e68c478d18bec9024d1a2eff 0 0.7268209457397461 0.39655399322509766 0.5434497833251953 0.3238842010498047
45_png.rf.91069c57e68c478d18bec9024d1a2eff 0 0.8575954437255859 0.6634736061096191 0.28325619697570803 0.09572315216064453
45_png.rf.91069c57e68c478d18bec9024d1a2eff 0 0.3215371608734131 0.2324676752090454 0.34223184585571287 0.0866666316986084
52_png.rf.192a084f97ce010eb2748d22a7ef06a6 0 0.5003526687622071 0.6909937381744384 0.999294662475586 0.6176459312438964
56_png.rf.1ea3746c8059264a352bebe26f32db00 0 0.4881291389465332 0.8722950935363769 0.9762582778930664 0.25505771636962893
58_png.rf.bf36016f3e896371150a1ed589a5fd6f 0 0.8788183212280274 0.30564565658569337 0.24236326217651366 0.5140226364135743
69_png.rf.15f02ccb5ef4eeb6df1eeb7f68869431 0 0.512541389465332 0.7293093204498291 0.9651887893676758 0.5413813591003418
86_png.rf.99f09b9cdbc66d51a19527489c7d06ca 0 0.815494441986084 0.8401618003845215 0.3670602798461914 0.3196763515472412
86_png.rf.99f09b9cdbc66d51a19527489c7d06ca 0 0.6524080753326416 0.3385988712310791 0.5516806602478027 0.18138341903686522
86_png.rf.99f09b9cdbc66d51a19527489c7d06ca 0 0.33887338638305664 0.9131231307983398 0.6710126876831055 0.17348556518554686
86_png.rf.99f09b9cdbc66d51a19527489c7d06ca 0 0.22068259716033936 0.6875993251800537 0.4413651943206787 0.21206703186035156
DSC_0913_JPG.rf.baa70a22817b7b3ffba3fae89e56eea7 0 0.5539836883544922 0.7503978729248046 0.8884361267089844 0.4992042541503906
DSC_0913_JPG.rf.baa70a22817b7b3ffba3fae89e56eea7 0 0.8389307975769043 0.5939272880554199 0.3221384048461914 0.472412109375
DSC_0917_JPG.rf.7c183214ef5f210576e9a816eaa1463d 0 0.4107189178466797 0.7621117115020752 0.8214378356933594 0.47577657699584963
DSC_0918_JPG.rf.549eeb77dc9e21fa7750b6230fa35506 0 0.5117822170257569 0.7784711360931397 0.9392617225646973 0.4421168327331543
DSC_0925_JPG.rf.0d0f74d7899ead7b14af754eb295d42b 0 0.5061037540435791 0.4950514793395996 0.7116808891296387 0.5301491737365722
DSC_0928_JPG.rf.fbc1b50a40dc7eaea38010fe1e35a7db 0 0.4749432563781738 0.7921678066253662 0.8085760116577149 0.4156643867492676
DSC_0936_JPG.rf.1faac2a2a3910351e6e9c7f83b761b99 0 0.43334169387817384 0.6738125801086425 0.3584578514099121 0.3115224838256836
DSC_0947_JPG.rf.2d10590e963bb6bd765f0c1bf4d3ddfb 0 0.5613865852355957 0.6303565979003907 0.7365449905395508 0.718577766418457
image_10_jpg.rf.19ea7eec49c3e354ae08e56e2c84fb06 0 0.5559075355529786 0.6915163993835449 0.874168586730957 0.6169672012329102
image_20_jpg.rf.cfecddf2a45fe006762ce5d50456e056 0 0.7184866905212403 0.8156370162963867 0.2924959182739258 0.36833629608154295
image_20_jpg.rf.cfecddf2a45fe006762ce5d50456e056 0 0.7252975463867187 0.5526692390441894 0.45232067108154295 0.1700908660888672
image_3_jpg.rf.e9d346c7c0c8c7612f4db5af4fb6ceab 0 0.5020920753479003 0.20752041339874266 0.9958158493041992 0.41211533546447754
image_7_jpg.rf.87df0d9613182e68e630cefc1967eecb 0 0.3000960826873779 0.816316795349121 0.5979025840759278 0.3530616760253906
IMG_0545_png.rf.f888ac69fd7846bb226ce741b021f12a 0 0.8051241874694824 0.7399990081787109 0.3836151123046875 0.439482307434082
IMG_0545_png.rf.f888ac69fd7846bb226ce741b021f12a 0 0.22508554458618163 0.6070413589477539 0.45017108917236326 0.25684356689453125
IMG_0545_png.rf.f888ac69fd7846bb226ce741b021f12a 0 0.789149284362793 0.8156782150268554 0.38614425659179685 0.2473388671875
IMG_0545_png.rf.f888ac69fd7846bb226ce741b021f12a 0 0.19007691144943237 0.9091197967529296 0.37823383808135985 0.18054237365722656
IMG_0558_png.rf.77171fd124aa83a415504effdb6491e9 0 0.6399560451507569 0.636420726776123 0.7170220375061035 0.5331281661987305
IMG_0558_png.rf.77171fd124aa83a415504effdb6491e9 0 0.13827065229415894 0.49122047424316406 0.2765413045883179 0.17510108947753905
IMG_0562_png.rf.256c6cf525916d23b0be91528f351bca 0 0.5085652351379395 0.65689697265625 0.9798727035522461 0.6112710952758789
IMG_0565_png.rf.8dab4ea272235567973b0649e3a07b68 0 0.31815342903137206 0.7093946933746338 0.6354104042053222 0.5805853843688965
IMG_0579_png.rf.4f092a2b71af48c80ee813c141a1cddd 0 0.35954437255859373 0.5131358623504638 0.7080856323242187 0.6440857887268067
IMG_0579_png.rf.4f092a2b71af48c80ee813c141a1cddd 0 0.7964468002319336 0.5218975067138671 0.40688724517822267 0.5709863662719726
IMG_0584_png.rf.8a89a79c109e5b2feccde2c432fad62c 0 0.4998732566833496 0.6947397708892822 0.9885431289672851 0.6091652870178222
IMG_0600_png.rf.1870f5b49975061af8aab68ac741797f 0 0.5 0.6001163959503174 1.0 0.7997672080993652
IMG_0635_png.rf.ac044e3cef24f8e6944ec7f1c49d4e70 0 0.36484560966491697 0.7742375373840332 0.4533674240112305 0.451068115234375
IMG_0635_png.rf.ac044e3cef24f8e6944ec7f1c49d4e70 0 0.6991837024688721 0.6923315525054932 0.5927004814147949 0.44651403427124026
IMG_0653_png.rf.63f1211be4c58f02e1e0c73670d6d947 0 0.667562198638916 0.849610710144043 0.6617406845092774 0.3007785797119141
14_png.rf.9dc8f9b7dad6575180e1f105e5e963b9 0 0.3692986011505127 0.23357315063476564 0.4116680145263672 0.41559638977050783
14_png.rf.9dc8f9b7dad6575180e1f105e5e963b9 0 0.551132345199585 0.6421163558959961 0.8934544563293457 0.7157672882080078
14_png.rf.9dc8f9b7dad6575180e1f105e5e963b9 0 0.34241361618041993 0.07526159286499023 0.44828405380249026 0.15052318572998047
14_png.rf.9dc8f9b7dad6575180e1f105e5e963b9 0 0.837339210510254 0.6212217330932617 0.3249362468719482 0.238482666015625
28_png.rf.9b9148b0f299387be2b640427ab861e1 0 0.5 0.7978983879089355 1.0 0.2340412139892578
28_png.rf.9b9148b0f299387be2b640427ab861e1 0 0.6233926296234131 0.3363317012786865 0.554773998260498 0.514858341217041
43_png.rf.bbe9cf984b770cd964438d3098de2177 0 0.7469530582427979 0.607728385925293 0.5040839195251465 0.5694877624511718
43_png.rf.bbe9cf984b770cd964438d3098de2177 0 0.24513669013977052 0.5080350399017334 0.48571138381958007 0.27558116912841796
45_png.rf.91069c57e68c478d18bec9024d1a2eff 0 0.7268209457397461 0.39655399322509766 0.5434497833251953 0.3238842010498047
45_png.rf.91069c57e68c478d18bec9024d1a2eff 0 0.8575954437255859 0.6634736061096191 0.28325619697570803 0.09572315216064453
45_png.rf.91069c57e68c478d18bec9024d1a2eff 0 0.3215371608734131 0.2324676752090454 0.34223184585571287 0.0866666316986084
52_png.rf.192a084f97ce010eb2748d22a7ef06a6 0 0.5003526687622071 0.6909937381744384 0.999294662475586 0.6176459312438964
56_png.rf.1ea3746c8059264a352bebe26f32db00 0 0.4881291389465332 0.8722950935363769 0.9762582778930664 0.25505771636962893
58_png.rf.bf36016f3e896371150a1ed589a5fd6f 0 0.8788183212280274 0.30564565658569337 0.24236326217651366 0.5140226364135743
69_png.rf.15f02ccb5ef4eeb6df1eeb7f68869431 0 0.512541389465332 0.7293093204498291 0.9651887893676758 0.5413813591003418
86_png.rf.99f09b9cdbc66d51a19527489c7d06ca 0 0.815494441986084 0.8401618003845215 0.3670602798461914 0.3196763515472412
86_png.rf.99f09b9cdbc66d51a19527489c7d06ca 0 0.6524080753326416 0.3385988712310791 0.5516806602478027 0.18138341903686522
86_png.rf.99f09b9cdbc66d51a19527489c7d06ca 0 0.33887338638305664 0.9131231307983398 0.6710126876831055 0.17348556518554686
86_png.rf.99f09b9cdbc66d51a19527489c7d06ca 0 0.22068259716033936 0.6875993251800537 0.4413651943206787 0.21206703186035156
DSC_0913_JPG.rf.baa70a22817b7b3ffba3fae89e56eea7 0 0.5539836883544922 0.7503978729248046 0.8884361267089844 0.4992042541503906
DSC_0913_JPG.rf.baa70a22817b7b3ffba3fae89e56eea7 0 0.8389307975769043 0.5939272880554199 0.3221384048461914 0.472412109375
DSC_0917_JPG.rf.7c183214ef5f210576e9a816eaa1463d 0 0.4107189178466797 0.7621117115020752 0.8214378356933594 0.47577657699584963
DSC_0918_JPG.rf.549eeb77dc9e21fa7750b6230fa35506 0 0.5117822170257569 0.7784711360931397 0.9392617225646973 0.4421168327331543
DSC_0925_JPG.rf.0d0f74d7899ead7b14af754eb295d42b 0 0.5061037540435791 0.4950514793395996 0.7116808891296387 0.5301491737365722
DSC_0928_JPG.rf.fbc1b50a40dc7eaea38010fe1e35a7db 0 0.4749432563781738 0.7921678066253662 0.8085760116577149 0.4156643867492676
DSC_0936_JPG.rf.1faac2a2a3910351e6e9c7f83b761b99 0 0.43334169387817384 0.6738125801086425 0.3584578514099121 0.3115224838256836
DSC_0947_JPG.rf.2d10590e963bb6bd765f0c1bf4d3ddfb 0 0.5613865852355957 0.6303565979003907 0.7365449905395508 0.718577766418457
image_10_jpg.rf.19ea7eec49c3e354ae08e56e2c84fb06 0 0.5559075355529786 0.6915163993835449 0.874168586730957 0.6169672012329102
image_20_jpg.rf.cfecddf2a45fe006762ce5d50456e056 0 0.7184866905212403 0.8156370162963867 0.2924959182739258 0.36833629608154295
image_20_jpg.rf.cfecddf2a45fe006762ce5d50456e056 0 0.7252975463867187 0.5526692390441894 0.45232067108154295 0.1700908660888672
image_3_jpg.rf.e9d346c7c0c8c7612f4db5af4fb6ceab 0 0.5020920753479003 0.20752041339874266 0.9958158493041992 0.41211533546447754
image_7_jpg.rf.87df0d9613182e68e630cefc1967eecb 0 0.3000960826873779 0.816316795349121 0.5979025840759278 0.3530616760253906
IMG_0545_png.rf.f888ac69fd7846bb226ce741b021f12a 0 0.8051241874694824 0.7399990081787109 0.3836151123046875 0.439482307434082
IMG_0545_png.rf.f888ac69fd7846bb226ce741b021f12a 0 0.22508554458618163 0.6070413589477539 0.45017108917236326 0.25684356689453125
IMG_0545_png.rf.f888ac69fd7846bb226ce741b021f12a 0 0.789149284362793 0.8156782150268554 0.38614425659179685 0.2473388671875
IMG_0545_png.rf.f888ac69fd7846bb226ce741b021f12a 0 0.19007691144943237 0.9091197967529296 0.37823383808135985 0.18054237365722656
IMG_0558_png.rf.77171fd124aa83a415504effdb6491e9 0 0.6399560451507569 0.636420726776123 0.7170220375061035 0.5331281661987305
IMG_0558_png.rf.77171fd124aa83a415504effdb6491e9 0 0.13827065229415894 0.49122047424316406 0.2765413045883179 0.17510108947753905
IMG_0562_png.rf.256c6cf525916d23b0be91528f351bca 0 0.5085652351379395 0.65689697265625 0.9798727035522461 0.6112710952758789
IMG_0565_png.rf.8dab4ea272235567973b0649e3a07b68 0 0.31815342903137206 0.7093946933746338 0.6354104042053222 0.5805853843688965
IMG_0579_png.rf.4f092a2b71af48c80ee813c141a1cddd 0 0.35954437255859373 0.5131358623504638 0.7080856323242187 0.6440857887268067
IMG_0579_png.rf.4f092a2b71af48c80ee813c141a1cddd 0 0.7964468002319336 0.5218975067138671 0.40688724517822267 0.5709863662719726
IMG_0584_png.rf.8a89a79c109e5b2feccde2c432fad62c 0 0.4998732566833496 0.6947397708892822 0.9885431289672851 0.6091652870178222
IMG_0600_png.rf.1870f5b49975061af8aab68ac741797f 0 0.5 0.6001163959503174 1.0 0.7997672080993652
IMG_0635_png.rf.ac044e3cef24f8e6944ec7f1c49d4e70 0 0.36484560966491697 0.7742375373840332 0.4533674240112305 0.451068115234375
IMG_0635_png.rf.ac044e3cef24f8e6944ec7f1c49d4e70 0 0.6991837024688721 0.6923315525054932 0.5927004814147949 0.44651403427124026
IMG_0653_png.rf.63f1211be4c58f02e1e0c73670d6d947 0 0.667562198638916 0.849610710144043 0.6617406845092774 0.3007785797119141
14_png.rf.9dc8f9b7dad6575180e1f105e5e963b9 0 0.5246199607849121 0.5819660663604737 0.8908849716186523 0.3421797752380371
28_png.rf.9b9148b0f299387be2b640427ab861e1 0 0.23515353202819825 0.7676774501800537 0.4703070640563965 0.43363103866577146
43_png.rf.bbe9cf984b770cd964438d3098de2177 0 0.247782301902771 0.5560796737670899 0.4953249454498291 0.47572784423828124
43_png.rf.bbe9cf984b770cd964438d3098de2177 0 0.7501511573791504 0.5716874122619628 0.4971635818481445 0.7059316635131836
45_png.rf.91069c57e68c478d18bec9024d1a2eff 0 0.2238367795944214 0.8383074760437011 0.4476735591888428 0.3198541641235352
45_png.rf.91069c57e68c478d18bec9024d1a2eff 0 0.7222136497497559 0.7385482311248779 0.5492650985717773 0.5200078010559082
52_png.rf.192a084f97ce010eb2748d22a7ef06a6 0 0.50081787109375 0.8731897354125977 0.9983608245849609 0.25312085151672364
52_png.rf.192a084f97ce010eb2748d22a7ef06a6 0 0.36901102066040037 0.6440871238708497 0.5329350471496582 0.21208362579345702
56_png.rf.1ea3746c8059264a352bebe26f32db00 0 0.22995567321777344 0.4162014961242676 0.4599113464355469 0.2725502967834473
56_png.rf.1ea3746c8059264a352bebe26f32db00 0 0.28773651123046873 0.8433699607849121 0.5747335433959961 0.31278629302978517
56_png.rf.1ea3746c8059264a352bebe26f32db00 0 0.7488162040710449 0.3257467031478882 0.5023675918579101 0.18061480522155762
58_png.rf.bf36016f3e896371150a1ed589a5fd6f 0 0.23778982162475587 0.7469669342041015 0.47557964324951174 0.5054723739624023
58_png.rf.bf36016f3e896371150a1ed589a5fd6f 0 0.4188380718231201 0.2967548847198486 0.4060059547424316 0.3993088722229004
58_png.rf.bf36016f3e896371150a1ed589a5fd6f 0 0.8208696365356445 0.22526266574859619 0.3577383041381836 0.44776034355163574
69_png.rf.15f02ccb5ef4eeb6df1eeb7f68869431 0 0.5954050064086914 0.7205917835235596 0.8091899871826171 0.5472472190856934
69_png.rf.15f02ccb5ef4eeb6df1eeb7f68869431 0 0.4296619415283203 0.8989917755126953 0.8593238830566406 0.20201654434204103
86_png.rf.99f09b9cdbc66d51a19527489c7d06ca 0 0.2849766492843628 0.544473934173584 0.17707138061523436 0.12684173583984376
86_png.rf.99f09b9cdbc66d51a19527489c7d06ca 0 0.3571844339370728 0.7022405147552491 0.1971658229827881 0.18850183486938477
86_png.rf.99f09b9cdbc66d51a19527489c7d06ca 0 0.11710854768753051 0.546894645690918 0.20332019329071044 0.15872955322265625
86_png.rf.99f09b9cdbc66d51a19527489c7d06ca 0 0.6894104480743408 0.3315237283706665 0.48982877731323243 0.13655753135681153
86_png.rf.99f09b9cdbc66d51a19527489c7d06ca 0 0.7835148811340332 0.8456478118896484 0.4314695358276367 0.26656951904296877
86_png.rf.99f09b9cdbc66d51a19527489c7d06ca 0 0.9631504058837891 0.46858673095703124 0.07344932556152343 0.09518775939941407
DSC_0913_JPG.rf.baa70a22817b7b3ffba3fae89e56eea7 0 0.5009989738464355 0.5 0.9976926803588867 1.0
DSC_0917_JPG.rf.7c183214ef5f210576e9a816eaa1463d 0 0.5037500381469726 0.5009274005889892 0.9924999237060547 0.9981451988220215
DSC_0918_JPG.rf.549eeb77dc9e21fa7750b6230fa35506 0 0.500313663482666 0.5 0.9983705520629883 1.0
DSC_0921_JPG.rf.8134618206046670cfe6233752ff7c0f 0 0.7241118907928467 0.5006804943084717 0.5507092475891113 0.9982935905456543
DSC_0925_JPG.rf.0d0f74d7899ead7b14af754eb295d42b 0 0.49589085578918457 0.5008234977722168 0.9915392875671387 0.9983530044555664
DSC_0928_JPG.rf.fbc1b50a40dc7eaea38010fe1e35a7db 0 0.5011650085449219 0.5 0.9976699829101563 1.0
DSC_0936_JPG.rf.1faac2a2a3910351e6e9c7f83b761b99 0 0.5007577419281006 0.5 0.9984284400939941 1.0
DSC_0947_JPG.rf.2d10590e963bb6bd765f0c1bf4d3ddfb 0 0.501099967956543 0.4999861717224121 0.997800064086914 0.9999723434448242
image_10_jpg.rf.19ea7eec49c3e354ae08e56e2c84fb06 0 0.5005718231201172 0.5022220611572266 0.9985912322998047 0.9955558776855469
image_20_jpg.rf.cfecddf2a45fe006762ce5d50456e056 0 0.5002320766448974 0.5001493453979492 0.9990279197692871 0.9997013092041016
image_3_jpg.rf.e9d346c7c0c8c7612f4db5af4fb6ceab 0 0.49866228103637694 0.5008076667785645 0.9973245620727539 0.998384666442871
image_7_jpg.rf.87df0d9613182e68e630cefc1967eecb 0 0.5005368232727051 0.5 0.9983049392700195 1.0
IMG_0545_png.rf.f888ac69fd7846bb226ce741b021f12a 0 0.5012205600738525 0.5 0.997558879852295 1.0
IMG_0558_png.rf.77171fd124aa83a415504effdb6491e9 0 0.5 0.5 1.0 1.0
IMG_0562_png.rf.256c6cf525916d23b0be91528f351bca 0 0.5001237869262696 0.5 0.9983097076416015 1.0
IMG_0565_png.rf.8dab4ea272235567973b0649e3a07b68 0 0.5000292778015136 0.5 0.9977052688598633 1.0
IMG_0579_png.rf.4f092a2b71af48c80ee813c141a1cddd 0 0.500999116897583 0.5 0.9967555046081543 1.0
IMG_0584_png.rf.8a89a79c109e5b2feccde2c432fad62c 0 0.5004438877105712 0.6734145164489747 0.9991122245788574 0.6531709671020508
IMG_0584_png.rf.8a89a79c109e5b2feccde2c432fad62c 0 0.49146213531494143 0.17293937206268312 0.9816585540771484 0.3451218605041504
IMG_0635_png.rf.ac044e3cef24f8e6944ec7f1c49d4e70 0 0.5 0.4989014625549316 1.0 0.9978029251098632
IMG_0653_png.rf.63f1211be4c58f02e1e0c73670d6d947 0 0.5002010345458985 0.5 0.9995979309082031 1.0
14_png.rf.9dc8f9b7dad6575180e1f105e5e963b9 0 0.49601058959960936 0.533397626876831 0.9442539215087891 0.5956717491149902
28_png.rf.9b9148b0f299387be2b640427ab861e1 0 0.5457489967346192 0.5361151695251465 0.8305820465087891 0.8156192779541016
43_png.rf.bbe9cf984b770cd964438d3098de2177 0 0.7553116798400878 0.7425675868988038 0.48354415893554686 0.5003069877624512
45_png.rf.91069c57e68c478d18bec9024d1a2eff 0 0.6535746097564697 0.37558062076568605 0.6762513160705567 0.2864241123199463
45_png.rf.91069c57e68c478d18bec9024d1a2eff 0 0.7360293388366699 0.7487395763397217 0.5166206359863281 0.4846991539001465
45_png.rf.91069c57e68c478d18bec9024d1a2eff 0 0.7604600429534912 0.36569230556488036 0.47730417251586915 0.28304104804992675
52_png.rf.192a084f97ce010eb2748d22a7ef06a6 0 0.599779462814331 0.7454891681671143 0.8004410743713379 0.5009236335754395
56_png.rf.1ea3746c8059264a352bebe26f32db00 0 0.30228729248046876 0.8512313842773438 0.6031431198120117 0.29753713607788085
58_png.rf.bf36016f3e896371150a1ed589a5fd6f 0 0.3953078269958496 0.6583168029785156 0.7906156539916992 0.6792337417602539
58_png.rf.bf36016f3e896371150a1ed589a5fd6f 0 0.2952622890472412 0.5879629135131836 0.5905245780944824 0.7010520935058594
86_png.rf.99f09b9cdbc66d51a19527489c7d06ca 0 0.5047950744628906 0.7410619735717774 0.9804286956787109 0.5101324081420898
DSC_0917_JPG.rf.7c183214ef5f210576e9a816eaa1463d 0 0.3224935054779053 0.7195415496826172 0.6449870109558106 0.5538921356201172
DSC_0918_JPG.rf.549eeb77dc9e21fa7750b6230fa35506 0 0.42606754302978517 0.6950713157653808 0.75869140625 0.5957067489624024
image_10_jpg.rf.19ea7eec49c3e354ae08e56e2c84fb06 0 0.47380857467651366 0.7096052169799805 0.9158910751342774 0.572016716003418
image_20_jpg.rf.cfecddf2a45fe006762ce5d50456e056 0 0.6145693302154541 0.674702787399292 0.7595326423645019 0.6490395545959473
image_3_jpg.rf.e9d346c7c0c8c7612f4db5af4fb6ceab 0 0.3450785636901855 0.653134536743164 0.6577180862426758 0.6891216278076172
image_7_jpg.rf.87df0d9613182e68e630cefc1967eecb 0 0.5021251678466797 0.712217378616333 0.8034126281738281 0.4396000862121582
IMG_0584_png.rf.8a89a79c109e5b2feccde2c432fad62c 0 0.656582260131836 0.16384128332138062 0.6776134490966796 0.32768256664276124
IMG_0600_png.rf.1870f5b49975061af8aab68ac741797f 0 0.497615909576416 0.6478626251220703 0.940533447265625 0.7042747497558594
2_png.rf.0c1bd75bb1d487831341dd3bbdf9b032 0 0.5047900199890136 0.6955885887145996 0.9184282302856446 0.602968406677246
4_png.rf.44abb0eeee318c0a879dac1074c978a4 0 0.17084429264068604 0.8106380462646484 0.3416885852813721 0.3787238121032715
5_png.rf.6f6c8c7e556e613e727f62a70691dff1 0 0.15316417217254638 0.6430626392364502 0.3040431499481201 0.7138747215270996
7_png.rf.97ae9b2d8057f676dd15f90f30d57cf4 0 0.5183938980102539 0.6189597606658935 0.951413345336914 0.6992066383361817
8_png.rf.09eb212184476de35d04d6dec75957fe 0 0.5004014015197754 0.671416187286377 0.9795667648315429 0.657167625427246
8_png.rf.09eb212184476de35d04d6dec75957fe 0 0.5788963794708252 0.721650218963623 0.8391295433044433 0.5505056381225586
9_png.rf.ff084b58ba484179fc9e2a7d7951c632 0 0.5760989189147949 0.6493703842163085 0.7989191055297852 0.6965669631958008
000000062_jpg.rf.0c6a3a586fcf3801e3432dcff1e24b9a 0 0.5 0.5356553792953491 1.0 0.6732360124588013
000000077_jpg.rf.cdd3019d06d794339d42ca9b27f3686d 0 0.6943202018737793 0.43726056814193726 0.4207180440425873 0.33139172196388245
000000077_jpg.rf.cdd3019d06d794339d42ca9b27f3686d 0 0.5077850222587585 0.6841789484024048 0.6973824501037598 0.38518819212913513
000000077_jpg.rf.cdd3019d06d794339d42ca9b27f3686d 0 0.7895689010620117 0.41749298572540283 0.19968509674072266 0.09736356139183044
000000133_jpg.rf.f92df775958124f2f1e28a40860d2b12 0 0.7132141590118408 0.7822492122650146 0.40108758211135864 0.18398994207382202
000000265_jpg.rf.a7d763eec799f4ffcb8bffb5faab3d18 0 0.4569304585456848 0.8464430570602417 0.4816604554653168 0.3069787621498108
000000265_jpg.rf.a7d763eec799f4ffcb8bffb5faab3d18 0 0.6531987190246582 0.19605311751365662 0.5523089170455933 0.38509541749954224
000000272_jpg.rf.1896b9fa1dfbde1b551d6b7eca3120b2 0 0.5258954763412476 0.6998492479324341 0.7426148653030396 0.35356390476226807
000000272_jpg.rf.1896b9fa1dfbde1b551d6b7eca3120b2 0 0.22239288687705994 0.6397607922554016 0.4442484974861145 0.34080660343170166
000000272_jpg.rf.1896b9fa1dfbde1b551d6b7eca3120b2 0 0.3466795086860657 0.5547512769699097 0.17013725638389587 0.09948796033859253
000000272_jpg.rf.1896b9fa1dfbde1b551d6b7eca3120b2 0 0.6168792247772217 0.2776312828063965 0.7478612661361694 0.3826800584793091
000000272_jpg.rf.1896b9fa1dfbde1b551d6b7eca3120b2 0 0.7425457239151001 0.31077104806900024 0.514908492565155 0.4194169044494629
000000272_jpg.rf.1896b9fa1dfbde1b551d6b7eca3120b2 0 0.24219118058681488 0.36006346344947815 0.47843417525291443 0.2315818816423416
000000295_jpg.rf.128c4e47b390fed61c8b17229d70e48a 0 0.612496018409729 0.728950023651123 0.08225828409194946 0.11710590124130249
000000331_jpg.rf.ff78221505f3a9cca49f266e625a79a7 0 0.8817192316055298 0.5570586919784546 0.2365615963935852 0.3168807923793793
000000331_jpg.rf.ff78221505f3a9cca49f266e625a79a7 0 0.33258476853370667 0.5743322968482971 0.6622517704963684 0.3137339651584625
000000351_jpg.rf.88081c85dcdbc848e095f5dba9f9eecd 0 0.4463975429534912 0.6957219839096069 0.3857787549495697 0.6085560321807861
000000351_jpg.rf.88081c85dcdbc848e095f5dba9f9eecd 0 0.5171785950660706 0.6395027041435242 0.44922754168510437 0.37403544783592224
000000351_jpg.rf.88081c85dcdbc848e095f5dba9f9eecd 0 0.4483148455619812 0.8079781532287598 0.3852073848247528 0.3836008310317993
000000353_jpg.rf.773edb4c2cd5532614854cecace6dbb1 0 0.5036638975143433 0.9218581914901733 0.48872843384742737 0.1559402346611023
000000356_jpg.rf.88ab63f455511cdb211f0d8b1caa5f43 0 0.49098092317581177 0.7707388401031494 0.753034234046936 0.45852231979370117
000000394_jpg.rf.65a9870aef33c58f3ce29642cf2392ea 0 0.378495454788208 0.674739420413971 0.7515342235565186 0.40591803193092346
000000394_jpg.rf.65a9870aef33c58f3ce29642cf2392ea 0 0.5915035009384155 0.3016974925994873 0.6030102968215942 0.48380720615386963
000000394_jpg.rf.65a9870aef33c58f3ce29642cf2392ea 0 0.5074660181999207 0.6662670373916626 0.3098766505718231 0.13881254196166992
000000401_jpg.rf.3d7e83948c32e79632bd7d04bf60bcb8 0 0.5074175596237183 0.7313519716262817 0.7392236590385437 0.5372960567474365
000000401_jpg.rf.3d7e83948c32e79632bd7d04bf60bcb8 0 0.5143437385559082 0.3122391402721405 0.4567473828792572 0.4547414183616638
000000416_jpg.rf.9c37b3a71cb272ed34687198296aba26 0 0.4868457317352295 0.4875476062297821 0.7131408452987671 0.9750952124595642
000000416_jpg.rf.9c37b3a71cb272ed34687198296aba26 0 0.5598570704460144 0.3589186668395996 0.3145007789134979 0.1229347288608551
000000416_jpg.rf.9c37b3a71cb272ed34687198296aba26 0 0.49165573716163635 0.7739651799201965 0.7365177273750305 0.45206964015960693
000000420_jpg.rf.f21f7d7d8a2c4f2a93f2a255a037f689 0 0.45557576417922974 0.8611394166946411 0.6594767570495605 0.2775169610977173
000000420_jpg.rf.f21f7d7d8a2c4f2a93f2a255a037f689 0 0.3810502588748932 0.5886254906654358 0.34761911630630493 0.2984316647052765
000000420_jpg.rf.f21f7d7d8a2c4f2a93f2a255a037f689 0 0.45359545946121216 0.23979692161083221 0.6130819320678711 0.4128272235393524
000000505_jpg.rf.0619a371baf316a91db085b5cf78a734 0 0.6799746751785278 0.7719209790229797 0.3920517861843109 0.4556102752685547
000000528_jpg.rf.da24c622072099d125b22a0a5e8e9583 0 0.7097829580307007 0.5395287275314331 0.5804340243339539 0.44128960371017456
000000528_jpg.rf.da24c622072099d125b22a0a5e8e9583 0 0.41054362058639526 0.5916485786437988 0.8170661926269531 0.579059898853302
000000528_jpg.rf.da24c622072099d125b22a0a5e8e9583 0 0.5963241457939148 0.46554243564605713 0.2361755073070526 0.1201092004776001
000000528_jpg.rf.da24c622072099d125b22a0a5e8e9583 0 0.18733587861061096 0.5480274558067322 0.3746717572212219 0.23685333132743835
000000552_jpg.rf.1e0ee669c6d03859e9cb7b3f4efc76ac 0 0.48984819650650024 0.5317167043685913 0.7439841032028198 0.9365666508674622
000000552_jpg.rf.1e0ee669c6d03859e9cb7b3f4efc76ac 0 0.4259021282196045 0.47749099135398865 0.5154985189437866 0.2795414328575134
000000555_jpg.rf.f9951141f0fcff504d8cfc1d1b4e9803 0 0.7159106731414795 0.5330430269241333 0.5295538306236267 0.35621756315231323
000000555_jpg.rf.f9951141f0fcff504d8cfc1d1b4e9803 0 0.9219070672988892 0.6136472225189209 0.1561858057975769 0.5266079902648926
000000572_jpg.rf.d86879078a2fda9545e9bd818984798d 0 0.758491039276123 0.6450754404067993 0.2191869616508484 0.13757628202438354
000000572_jpg.rf.d86879078a2fda9545e9bd818984798d 0 0.5782604813575745 0.8284543752670288 0.5828192234039307 0.3430911898612976
000000572_jpg.rf.d86879078a2fda9545e9bd818984798d 0 0.4628911018371582 0.5199102759361267 0.6732248067855835 0.7197583317756653
000000583_jpg.rf.5fb893c1215eaa19f8f573d43d14f4f6 0 0.5261220932006836 0.6311061382293701 0.6959507465362549 0.7377877235412598
000000659_jpg.rf.747678bba0d843879f3a820e89df0f0b 0 0.3896178901195526 0.753808856010437 0.5539363026618958 0.2483953833580017
000000671_jpg.rf.685defb045cfd4b27a44258ab2710c56 0 0.6363620162010193 0.7529196739196777 0.4250768721103668 0.49416065216064453
000000671_jpg.rf.685defb045cfd4b27a44258ab2710c56 0 0.43975409865379333 0.8899420499801636 0.3864052891731262 0.21926361322402954
000000680_jpg.rf.c1f68d0f4f379c3634a5b0e04a359d52 0 0.7881349325180054 0.6914306879043579 0.42358100414276123 0.37086552381515503
000000680_jpg.rf.c1f68d0f4f379c3634a5b0e04a359d52 0 0.6249916553497314 0.5692709684371948 0.4621308743953705 0.3098209500312805
000000680_jpg.rf.c1f68d0f4f379c3634a5b0e04a359d52 0 0.7348599433898926 0.5308201313018799 0.194973886013031 0.11208003759384155
000000680_jpg.rf.c1f68d0f4f379c3634a5b0e04a359d52 0 0.20720979571342468 0.7067617774009705 0.3387332558631897 0.352203369140625
000000741_jpg.rf.829c14b017fe72c88316254252115263 0 0.356819212436676 0.5803425312042236 0.713638424873352 0.5501917004585266
000000741_jpg.rf.829c14b017fe72c88316254252115263 0 0.5596795082092285 0.7657420635223389 0.7841264605522156 0.2225426435470581
000000741_jpg.rf.829c14b017fe72c88316254252115263 0 0.4803650975227356 0.4304993152618408 0.29309749603271484 0.11271962523460388
000000741_jpg.rf.829c14b017fe72c88316254252115263 0 0.3567742109298706 0.7591331005096436 0.6807370185852051 0.23461848497390747
000000775_jpg.rf.44cd9af09afdc3299ea09d0abb1ebe52 0 0.8144844770431519 0.5007978677749634 0.3710309863090515 0.5780531167984009
000000775_jpg.rf.44cd9af09afdc3299ea09d0abb1ebe52 0 0.1701294183731079 0.5246874094009399 0.3397980332374573 0.5276046991348267
000000775_jpg.rf.44cd9af09afdc3299ea09d0abb1ebe52 0 0.4983331859111786 0.5712386965751648 0.2704567313194275 0.2795606553554535
000000787_jpg.rf.ce2288da4b164776224e53e0c7b6a33a 0 0.4644354581832886 0.6641010642051697 0.6829485893249512 0.6717978715896606
000000787_jpg.rf.ce2288da4b164776224e53e0c7b6a33a 0 0.26816749572753906 0.4999825358390808 0.28395456075668335 0.1310487687587738
000000842_jpg.rf.eb6291117dd7038feb49889b985c3463 0 0.5191662311553955 0.5974081754684448 0.4883175790309906 0.44494393467903137
000000842_jpg.rf.eb6291117dd7038feb49889b985c3463 0 0.5010936260223389 0.26066386699676514 0.9967751502990723 0.4673176407814026
000000842_jpg.rf.eb6291117dd7038feb49889b985c3463 0 0.4771212041378021 0.39236870408058167 0.9317458271980286 0.6308236718177795
000000877_jpg.rf.d6516089469323d0f986aff86081f3a1 0 0.6807073354721069 0.7555688619613647 0.6385853290557861 0.24392348527908325
000000877_jpg.rf.d6516089469323d0f986aff86081f3a1 0 0.2718392312526703 0.23600880801677704 0.5436784625053406 0.3810335099697113
000000877_jpg.rf.d6516089469323d0f986aff86081f3a1 0 0.07679743319749832 0.5694540143013 0.15359486639499664 0.5451081991195679
000000877_jpg.rf.d6516089469323d0f986aff86081f3a1 0 0.4340253472328186 0.6014786958694458 0.17249765992164612 0.15206563472747803
000000877_jpg.rf.d6516089469323d0f986aff86081f3a1 0 0.7721007466316223 0.23880413174629211 0.45579850673675537 0.3636985421180725
000000897_jpg.rf.ea9ad92ec21c56991cd51a2de8e412a8 0 0.2426992505788803 0.5410929918289185 0.4488023817539215 0.4460071921348572
000000897_jpg.rf.ea9ad92ec21c56991cd51a2de8e412a8 0 0.7458815574645996 0.5221862196922302 0.41025835275650024 0.3889847695827484
000000897_jpg.rf.ea9ad92ec21c56991cd51a2de8e412a8 0 0.5087822079658508 0.24580979347229004 0.9824355840682983 0.4263582229614258
000000897_jpg.rf.ea9ad92ec21c56991cd51a2de8e412a8 0 0.2493072748184204 0.28399184346199036 0.2253434658050537 0.36522191762924194
000000897_jpg.rf.ea9ad92ec21c56991cd51a2de8e412a8 0 0.6397181749343872 0.4588012099266052 0.1458246111869812 0.05973824858665466
000000931_jpg.rf.a333e3cdf68ffbdc10f9eb9ba9c81ef2 0 0.5046283602714539 0.8141564130783081 0.46170780062675476 0.37168723344802856
000000931_jpg.rf.a333e3cdf68ffbdc10f9eb9ba9c81ef2 0 0.6390413045883179 0.6020528674125671 0.33116015791893005 0.3002757728099823
000000931_jpg.rf.a333e3cdf68ffbdc10f9eb9ba9c81ef2 0 0.5730606317520142 0.17192630469799042 0.5517280101776123 0.34385260939598083
000000931_jpg.rf.a333e3cdf68ffbdc10f9eb9ba9c81ef2 0 0.7653372883796692 0.2202058583498001 0.4515993595123291 0.39929816126823425
000001011_jpg.rf.976d01fe8b3dbb03746e5a292e512b8e 0 0.7063749432563782 0.6826496124267578 0.38061583042144775 0.36763280630111694
000001011_jpg.rf.976d01fe8b3dbb03746e5a292e512b8e 0 0.5695275068283081 0.7753828167915344 0.5041425824165344 0.1996898651123047
000001011_jpg.rf.976d01fe8b3dbb03746e5a292e512b8e 0 0.7936084866523743 0.27680736780166626 0.41278302669525146 0.3891380727291107
000001011_jpg.rf.976d01fe8b3dbb03746e5a292e512b8e 0 0.6736332774162292 0.20395232737064362 0.6515034437179565 0.3844374716281891
000001011_jpg.rf.976d01fe8b3dbb03746e5a292e512b8e 0 0.29995596408843994 0.32230764627456665 0.5897670984268188 0.30422544479370117
000001011_jpg.rf.976d01fe8b3dbb03746e5a292e512b8e 0 0.6946843862533569 0.3194355368614197 0.6106311678886414 0.3376057744026184
000001120_jpg.rf.2c087969c3d741689ac65fb611e24afd 0 0.3840174078941345 0.4298621714115143 0.5303492546081543 0.7491928935050964
000001120_jpg.rf.2c087969c3d741689ac65fb611e24afd 0 0.394785076379776 0.8199957609176636 0.5468534827232361 0.35940736532211304
000001172_jpg.rf.142ef380cdcce2a728636885b53cec4e 0 0.5484544038772583 0.6050771474838257 0.6658737063407898 0.39791691303253174
000001172_jpg.rf.142ef380cdcce2a728636885b53cec4e 0 0.5416167378425598 0.8302445411682129 0.6667108535766602 0.3395109176635742
000001172_jpg.rf.142ef380cdcce2a728636885b53cec4e 0 0.7186395525932312 0.536321222782135 0.2684516906738281 0.12395647168159485
caption-21-_jpg.rf.ebb18ba34395e68e1fe6191a20ad0941 0 0.5758148193359375 0.44567653111049105 0.21464957101004464 0.10976370675223214
caption-21-_jpg.rf.ebb18ba34395e68e1fe6191a20ad0941 0 0.2563667951311384 0.5968228585379465 0.1337233625139509 0.2313194347563244
caption-21-_jpg.rf.ebb18ba34395e68e1fe6191a20ad0941 0 0.6592888968331473 0.5868033272879464 0.4354766845703125 0.4019411795479911
caption-59-_jpg.rf.55e869fa1dd27665a64591173a9ee8dd 0 0.3104415239606585 0.8189103954334549 0.6204780360630581 0.3579436946036247
caption-59-_jpg.rf.55e869fa1dd27665a64591173a9ee8dd 0 0.6652403041294643 0.789775093194797 0.1302892630440848 0.4025918408698842
caption-60-_jpg.rf.67adf10599cb3c3d4f4fd24947682b97 0 0.4855977085658482 0.6267136346726191 0.6707273646763393 0.6770744977678571
caption-60-_jpg.rf.67adf10599cb3c3d4f4fd24947682b97 0 0.4872900390625 0.8732604399181547 0.9671060616629464 0.25326683407738093
caption-60-_jpg.rf.67adf10599cb3c3d4f4fd24947682b97 0 0.34629442487444195 0.4431878371465774 0.36058680943080357 0.18782296316964286
caption-8-_jpg.rf.923f0982528b8c9872d6a0d37dd5f4c2 0 0.4971303885323661 0.5237530808221726 0.9942607770647321 0.9104410226004465
caption-8-_jpg.rf.923f0982528b8c9872d6a0d37dd5f4c2 0 0.7842716761997768 0.3015643891834077 0.32120348249162944 0.28278076171875
DSC_0943_JPG.rf.fdab883435274f43aa1936bdf5d5e0c6 0 0.6792957305908203 0.6769134521484375 0.6374643325805665 0.6408206939697265
DSC_0944_JPG.rf.7f6c1b7fd315b5a53e5de90c79822910 0 0.8425502777099609 0.7193377017974854 0.1895270824432373 0.34506998062133787
DSC_0944_JPG.rf.7f6c1b7fd315b5a53e5de90c79822910 0 0.5391171455383301 0.5726659297943115 0.9216588973999024 0.6465683937072754
espace-cafe-chambre_jpg.rf.93e53ebd53550528e36b6fcea38559e1 0 0.8646160761515299 0.6663465711805555 0.2707678476969401 0.6633949703640408
espace-cafe-chambre_jpg.rf.93e53ebd53550528e36b6fcea38559e1 0 0.49258015950520834 0.5190855662027994 0.5471298217773437 0.6273536682128906
frame1038_jpg.rf.b0f0c6438512bf71f8dc143669660972 0 0.588699213663737 0.6056274837917752 0.3764560063680013 0.17866364231816045
frame1046_jpg.rf.858eeddf77d99770be8406fd09a58fb8 0 0.4515057563781738 0.4835641649034288 0.5056393623352051 0.6076429578993056
frame1529_jpg.rf.a08a1e677aa9673da5449699b21fd1e0 0 0.42650251388549804 0.738025410970052 0.49287891387939453 0.5106686486138238
frame178_jpg.rf.7cb618c06aa5bd641d17417595ffa818 0 0.5209027290344238 0.4901887681749132 0.14970836639404297 0.31970147026909723
frame2093_jpg.rf.53b486cefc2d1a9e5a9237500e6f1489 0 0.5469907760620117 0.87569580078125 0.14128971099853516 0.10859239366319444
frame2093_jpg.rf.53b486cefc2d1a9e5a9237500e6f1489 0 0.8314977645874023 0.963786146375868 0.13663806915283203 0.06881205240885417
frame220_jpg.rf.efc29d283768f1e0618c56805cedc766 0 0.5161580085754395 0.523502434624566 0.18971843719482423 0.46391550699869794
frame222_jpg.rf.5d5250b5c11d60a8abd521e6e63ebd8a 0 0.5159681797027588 0.5197623358832465 0.19616708755493165 0.46273956298828123
frame224_jpg.rf.e11d7825a12ec628a6a64abfb0a5ea8b 0 0.5224386215209961 0.5187010871039497 0.1988067626953125 0.44709557427300345
frame230_jpg.rf.44ada9652865b9e727561a7b49d9c351 0 0.6346360524495442 0.5735276540120443 0.2948042233784994 0.15858533647325304
frame260_jpg.rf.ff1d2759ea007d81bb02201001b6c151 0 0.7240407307942708 0.5243301744814273 0.27126350402832033 0.1503220310917607
frame262_jpg.rf.e57f2283ff262d43977e20605d84bd70 0 0.5893932819366455 0.5023519304063585 0.29289884567260743 0.3305990431043837
frame281_jpg.rf.b22539b67512fd6d1f7e1096fc595f8d 0 0.7461151123046875 0.5336938787389685 0.25418930053710936 0.15552050979049117
frame315_jpg.rf.969819f6f1a323eaed876f320ad9a21c 0 0.6032404899597168 0.44643402099609375 0.3178924560546875 0.1881762186686198
frame358_jpg.rf.047111de52c77ba718479749b0b6eec5 0 0.7267937660217285 0.8055684407552083 0.42017345428466796 0.23968438042534723
frame372_jpg.rf.353c9ff788a30889da76051492e87449 0 0.5186454772949218 0.5094841851128472 0.4223358154296875 0.527943589952257
frame415_jpg.rf.4bb96b5332f78a8b927bee37ac972cc4 0 0.4664046287536621 0.5159582773844401 0.26662349700927734 0.18964224921332465
frame462_jpg.rf.62ead16b233462bcf7597c2380876f5d 0 0.5753193537394206 0.5207312548602069 0.2812342325846354 0.09487989213731554
frame479_jpg.rf.ea311b30239ad6f7d292f34cccc86476 0 0.46739726066589354 0.48882666693793403 0.140578556060791 0.43435821533203123
frame47_jpg.rf.fe3c2d03a9df614b62139276e4feae40 0 0.43389086723327636 0.42893074883355037 0.2869314193725586 0.4154513888888889
frame496_jpg.rf.16588e955b7d86c698ac24fc8249cff6 0 0.5997618675231934 0.44567476908365883 0.5109094619750977 0.4090135362413194
frame513_jpg.rf.b5a74364be992561531b7bfa22ce7b0d 0 0.5660858790079752 0.5480631015918873 0.2939971605936686 0.09026188320583767
frame535_jpg.rf.fb1c609b3024c159fd4a49b083e236d3 0 0.49513998031616213 0.5135995229085286 0.2760931015014648 0.15109312269422742
frame557_jpg.rf.184e93161014eeb0b5483f090055656d 0 0.614862060546875 0.5867901908026801 0.33449153900146483 0.09679928532353153
frame579_jpg.rf.6589fcafd0cadc10b0ca9306faaa47ff 0 0.6029211997985839 0.4559953477647569 0.29405975341796875 0.6801266140407987
frame597_jpg.rf.d8e3bd1c587ad8430850ed686b71cced 0 0.47380867004394533 0.5354139539930556 0.25357034206390383 0.22952490912543402
frame61_jpg.rf.1114d809aea579ad1b090ab40f51badd 0 0.6038807551066081 0.5380768952546297 0.2713933308919271 0.114058635852955
frame632_jpg.rf.8828d49ac498822a67daa0f119b953d6 0 0.5541011810302734 0.4711514790852865 0.28061676025390625 0.6643971761067708
frame634_jpg.rf.59da36748907a71dde664b96243f4464 0 0.7155875205993653 0.16172977023654514 0.06981678009033203 0.0364996592203776
frame634_jpg.rf.59da36748907a71dde664b96243f4464 0 0.7160948276519775 0.21906636555989584 0.07136430740356445 0.049644385443793404
frame634_jpg.rf.59da36748907a71dde664b96243f4464 0 0.687504768371582 0.37159042358398436 0.2157841682434082 0.1697450637817383
frame638_jpg.rf.64aa07db40a1ae24c3b4f54fd5cea9a7 0 0.5535986423492432 0.4877948337131076 0.2906069755554199 0.6360685560438368
frame701_jpg.rf.5d38639bb56c1b6c3781abfc1aef84dd 0 0.5312450408935547 0.37679273817274306 0.40889530181884765 0.45499420166015625
frame762_jpg.rf.7cdf585ba805ddf70b34354faa041eeb 0 0.5148937702178955 0.4570446014404297 0.45032920837402346 0.39588072035047744
frame821_jpg.rf.9b1a37637afef955a8639ce3d52cb7da 0 0.4841307163238525 0.5561068216959636 0.2708128929138184 0.3179507785373264
frame85_jpg.rf.34dff223f1f4be0afb294e880a5da4e0 0 0.406417179107666 0.6191809336344402 0.25721311569213867 0.2864911397298177
frame998_jpg.rf.0f5a2b70873aaa8ebb1a9b8a53f933e1 0 0.5857491811116536 0.4925495783487956 0.4177745183308919 0.2053134353072555
grand-royale-london-hyde-1-_jpg.rf.74d4f4576e11e6d121664024057f47fe 0 0.5154788818359375 0.8139450073242187 0.9647076009114584 0.371780029296875
grand-royale-london-hyde-11-_jpg.rf.6744ac7578c56087b813bb6cc9685b31 0 0.4060288899739583 0.7113624674479166 0.81067236328125 0.5772749837239584
grand-royale-london-hyde-11-_jpg.rf.6744ac7578c56087b813bb6cc9685b31 0 0.8564488932291666 0.8456512858072917 0.287072265625 0.30869742838541664
grand-royale-london-hyde-13-_jpg.rf.a2b182d03f0a91d737d18d82f8f30ea8 0 0.7412777235243055 0.7967323404947917 0.5170189887152777 0.40608024088541667
grand-royale-london-hyde-16-_jpg.rf.e5e480c2d5a08e40fe7ae92e58e6b219 0 0.7294833984375 0.6549459228515625 0.3655252685546875 0.43551798502604167
grand-royale-london-hyde-19-_jpg.rf.ad970a31941f6d48dd6516e2fd61e668 0 0.5781505533854167 0.4966443684895833 0.8436988932291667 0.99300244140625
grand-royale-london-hyde-5-_jpg.rf.fea72ff5b50ec0b3600f13265a051f3f 0 0.5059719509548611 0.5702508926391602 0.9846742983217592 0.6936443328857422
grand-royale-london-hyde-6-_jpg.rf.216941c89a8c715bb38faaa2aac4bedd 0 0.49956873914930555 0.5573014322916666 0.9991374782986111 0.8853971354166666
grand-royale-london-hyde-7-_jpg.rf.29b4510eb12ab3f87cf51f8f9b8e4a6d 0 0.4894842122395833 0.9212472330729167 0.9625797526041666 0.157134033203125
img-20190712-201900-largejpg_jpg.rf.fb543f8d8a6d1761711f91321f0e9523 0 0.385387130648072 0.672131053188391 0.7574398643092105 0.6517479879814282
img-20190712-201900-largejpg_jpg.rf.fb543f8d8a6d1761711f91321f0e9523 0 0.4674627739086486 0.4775561617131819 0.6301384641413104 0.19401329442074425
IMG_0557_png.rf.bd884c007d5d33b7a09eae27d4a9378d 0 0.5018302917480468 0.6619703769683838 0.9860710144042969 0.6736922264099121
IMG_0557_png.rf.bd884c007d5d33b7a09eae27d4a9378d 0 0.4255714416503906 0.2035858154296875 0.6504116058349609 0.3886521339416504
IMG_0557_png.rf.bd884c007d5d33b7a09eae27d4a9378d 0 0.5023126602172852 0.5042975425720215 0.7061370849609375 0.18038520812988282
IMG_0557_png.rf.bd884c007d5d33b7a09eae27d4a9378d 0 0.46694316864013674 0.8447491645812988 0.9276395797729492 0.3105016708374023
IMG_0557_png.rf.bd884c007d5d33b7a09eae27d4a9378d 0 0.4112065315246582 0.4951056480407715 0.6471349716186523 0.15959014892578124
IMG_0573_png.rf.84f6271911318b8cbb870ee43b882986 0 0.4802201271057129 0.7567089557647705 0.708500862121582 0.4788027763366699
IMG_0573_png.rf.84f6271911318b8cbb870ee43b882986 0 0.703985071182251 0.32961459159851075 0.5860112190246582 0.5630021095275879
IMG_0589_png.rf.c710be17123c35e6b612aee6d2a4d308 0 0.4291895866394043 0.6789990425109863 0.7870920181274415 0.588383674621582
IMG_0589_png.rf.c710be17123c35e6b612aee6d2a4d308 0 0.5363139152526856 0.674950122833252 0.1259103775024414 0.10699996948242188
IMG_0589_png.rf.c710be17123c35e6b612aee6d2a4d308 0 0.5017451286315918 0.5593318462371826 0.07643375396728516 0.07983341217041015
IMG_0589_png.rf.c710be17123c35e6b612aee6d2a4d308 0 0.27618932723999023 0.44895038604736326 0.09271488189697266 0.07680683135986328
IMG_0591_png.rf.172d167fc1c35d5a9c90a2b29f1ab1bc 0 0.4532458305358887 0.6432393074035645 0.9019647598266601 0.708987045288086
IMG_0591_png.rf.172d167fc1c35d5a9c90a2b29f1ab1bc 0 0.05964627265930176 0.7734256744384765 0.11921007633209228 0.45264396667480467
IMG_0591_png.rf.172d167fc1c35d5a9c90a2b29f1ab1bc 0 0.2789013385772705 0.37584140300750735 0.5510333061218262 0.5619497776031495
IMG_0591_png.rf.172d167fc1c35d5a9c90a2b29f1ab1bc 0 0.10413990020751954 0.24320428371429442 0.20788173675537108 0.3881058216094971
IMG_0591_png.rf.172d167fc1c35d5a9c90a2b29f1ab1bc 0 0.14807143211364746 0.242574143409729 0.28733038902282715 0.3661322116851807
IMG_0613_png.rf.560fcc14458d84a5ba0a4703ab860ea7 0 0.554423189163208 0.6328437805175782 0.5807055473327637 0.4245754241943359
IMG_0629_png.rf.a47678cc435d5186f46c12841896d1df 0 0.5047765254974366 0.3916769981384277 0.9858284950256347 0.49623470306396483
photo6jpg_jpg.rf.c153e9c7df74394c8f9f85ca9f751e03 0 0.23569287981305803 0.8010217866443452 0.2040195574079241 0.39763921828497023
photo7jpg_jpg.rf.7f7be4b89755ece9068623dc0efb5201 0 0.6223971835049716 0.35288958819284677 0.22656849254261363 0.11660537771733342
Screenshot-from-2024-09-10-13-16-38_png.rf.1cc46f63b58fa53915b322c934dec410 0 0.47527355124272047 0.37917033641411585 0.8868578817205699 0.3780253023010879
the-tower-hotel-10-_jpg.rf.9c2350b10919489f754796be44708858 0 0.8070521763392857 0.7908833821614584 0.1450984409877232 0.41774193173363094
the-tower-hotel-10-_jpg.rf.9c2350b10919489f754796be44708858 0 0.5925921630859375 0.5897720191592262 0.4020024762834821 0.40125008719308036
the-tower-hotel-2-_jpg.rf.3c0f702137b980b14ebbdc1c4babda71 0 0.49963334517045455 0.8933421669968473 0.9898186700994318 0.21276223066313055
the-tower-hotel-9-_jpg.rf.1c3466a3a9ac260798f04bd3017f6960 0 0.31058016095842633 0.8393899390811012 0.5982480730329242 0.32122012183779763
WhatsApp-Image-2024-09-10-at-4-04-18-PM_jpeg.rf.6c6cfba9d6c92f48ef5ab298826d5046 0 0.5344751739501953 0.18715906143188477 0.9192372131347656 0.3727677536010742
WhatsApp-Image-2024-09-10-at-4-07-49-PM_jpeg.rf.efc68533cdd0770b6c7abee014a61e6a 0 0.37540655844363935 0.8355215138402479 0.6984243969431401 0.31971903833849674
WhatsApp-Image-2024-09-10-at-4-16-08-PM_jpeg.rf.a7c860dcbabab4eea25b66558d980650 0 0.4974794769287109 0.5029787190755208 0.9949589538574218 0.987843017578125
