16 0.653125 0.66796875 0.146875 0.0984375
16 0.17734375 0.628125 0.2640625 0.23125
16 0.4984375 0.35 0.171875 0.084375
16 0.46796875 0.54609375 0.3203125 0.0890625
16 0.196875 0.45546875 0.071875 0.0921875
16 0.740625 0.390625 0.225 0.16875
3 0.08203125 0.3640625 0.1640625 0.253125
3 0.9984375 0.2078125 0.88125 0.2078125 0.8671875 0.3203125 0.8578125 0.384375 0.9359375 0.4015625 0.9625 0.378125 0.9484375 0.328125 0.9828125 0.2328125
3 0.33984375 0.228125 0.0671875 0.103125
3 0.2328125 0.2609375 0.1375 0.140625
3 0.9953125 0.6375 0.8671875 0.66875 0.84375 0.5859375 0.8609375 0.5421875 0.8828125 0.4609375 0.90625 0.4390625 0.9984375 0.428125
19 0.79375 0.90625 0.15 0.875 0.0859375 0.690625 0 0.70625 0 0.540625 0.2546875 0.3390625 0.475 0.20625 0.5734375 0.1625 0.7546875 0.1671875 0.8140625 0.2234375 0.8515625 0.321875 0.85625 0.4609375 0.8375 0.6234375