16 0.625 0.68984375 0.1609375 0.1203125
16 0.1609375 0.57578125 0.296875 0.2703125
16 0.521875 0.3515625 0.1828125 0.1109375
16 0.4609375 0.540625 0.3296875 0.1375
16 0.2078125 0.40859375 0.0859375 0.1015625
16 0.7546875 0.4296875 0.2484375 0.2015625
3 0.10859375 0.3 0.2015625 0.275
3 1 0.2833625671875 0.9222643749999999 0.271050453125 0.89077613125 0.37996553125 0.8714949687500001 0.4417727421875 0.9459694031250001 0.47097007812499997 0.9758713078125 0.4519764234375 0.9698036640625001 0.40039214687499997 1 0.3455381015625 1 0.2833625671875
3 0.384375 0.20625 0.0828125 0.1125
3 0.2734375 0.221875 0.1578125 0.1609375
3 1 0.5068444375000001 0.9107811140625 0.50336424375 0.8842101640625 0.5213034921874999 0.84989418125 0.5981311671875 0.8260742796875 0.6386538140625 0.8362684968749999 0.7241131875 0.9677046421875 0.7132910921875 1 0.5273869453125 1 0.5068444375000001
19 0 0.6248987875 0.0612149765625 0.62350444375 0.09564615625 0.815631065625 0.7265819484375 0.9472010125000001 0.8140349359375 0.6747144109375001 0.8579746921875 0.517148203125 0.875099071875 0.37906450625 0.8534597765624999 0.2759726421875 0.8036152203125001 0.2111268765625 0.62532999375 0.17814334062499998 0.521260415625 0.2059556890625 0.282883875 0.302668578125 0 0.46179548593749997 0 0.6248987875