16 0.63828125 0.68046875 0.1546875 0.1109375
16 0.1671875 0.59921875 0.2828125 0.253125
16 0.51171875 0.35078125 0.178125 0.0984375
16 0.4640625 0.54296875 0.3265625 0.1171875
16 0.2015625 0.42890625 0.0796875 0.0984375
16 0.74921875 0.41171875 0.2390625 0.1875
3 0.0953125 0.328125 0.1859375 0.2671875
3 1 0.250440721875 0.9052650468750001 0.24215248906250003 0.8814510375 0.35299876406249997 0.8665282984375 0.41600040156249996 0.9428580203125 0.43993154062500006 0.9713621546875 0.4188983015625 0.961710953125 0.3678629390625 1 0.285119740625 1 0.250440721875
3 0.3640625 0.21484375 0.0765625 0.1078125
3 0.2546875 0.23828125 0.15 0.1515625
3 1 0.47192669374999996 0.9100151484375001 0.47470140625 0.8847603046874999 0.49445045312499997 0.855887140625 0.5734847390625 0.83495198125 0.61557026875 0.8510827093750001 0.7001103546875 0.981443771875 0.6801461 1 0.49919436875 1 0.47192669374999996
19 0 0.6603948453124999 0.07089906875 0.6538116890625 0.11864845156249999 0.8430685015625 0.7572251718749999 0.9303060953125 0.8254574234375 0.6523828468749999 0.8582988828125 0.49213537812499997 0.865749315625 0.3531935109375 0.8369714078125 0.2518622546875 0.7827248578125 0.19065142968749998 0.6025731109375 0.1701847890625 0.50069713125 0.2051889140625 0.269647615625 0.318294521875 0 0.49581414375 0 0.6603948453124999