16 0.60625 0.79140625 0.1421875 0.1234375
16 0.740625 0.878125 0.1640625 0.103125
16 0.75234375 0.5765625 0.14375 0.0890625
16 0.32578125 0.77578125 0.5015625 0.1828125
16 0.8398567781249999 0.3575198515625 0.809738828125 0.30454544375000003 0.7456100640625001 0.295102890625 0.6877377015625 0.349435746875 0.5884006265624999 0.3994144234375 0.536704190625 0.46558284375000003 0.627115003125 0.5095799859375 0.6497535531249999 0.4375340203125 0.63359328125 0.38284582500000003 0.6824039328125 0.395743440625 0.8398567781249999 0.3575198515625
16 0.78828125 0.71171875 0.190625 0.103125
16 0.071875 0.60625 0.0578125 0.05
16 0.23984375 0.603125 0.0984375 0.1125
15 0.54375 0.2546875 0.1359375 0.134375
16 0.6546875 0.6046875 0.1453125 0.0921875
16 0.96171875 0.58046875 0.0765625 0.1453125
19 0.4703125 0.5484375 0.41875 0.19375