16 0.43046875 0.80234375 0.1296875 0.1078125
16 0.30703125 0.9046875 0.1546875 0.084375
16 0.25859375 0.60703125 0.1359375 0.0734375
16 0.70625 0.75234375 0.490625 0.1234375
16 0.30625 0.41875 0.353125 0.4 0.34375 0.45625 0.375 0.525 0.459375 0.4703125 0.4 0.4109375 0.2953125 0.3734375 0.23125 0.3265625 0.16875 0.34375 0.1453125 0.4 0.30625 0.41875
16 0.23984375 0.7453125 0.1828125 0.08125
16 0.9375 0.553125 0.053125 0.04375
16 0.77109375 0.5703125 0.0859375 0.103125
15 0.4265625 0.26171875 0.121875 0.1203125
16 0.359375 0.62265625 0.1375 0.0765625
16 0.040625 0.63828125 0.08125 0.1359375
19 0.53515625 0.54453125 0.4046875 0.1453125